{
    "type": "adjacency matrix",
    "graph": {
        "names": ["a","b","c","d","e","f","g","h","i","j"],
		"matrix": [[0, 11, 1, 11, 1, 1, 11, 1, 11, 1],
                   [11, 0, 2, 2, 2, 21, 1, 2, 2, 2],
                   [1, 2, 0, 31, 3, 3, 3, 1, 31, 3],
                   [11, 2, 31, 0, 2, 4, 41, 4, 1, 2],
                   [1, 2, 3, 2, 0, 5, 5, 51, 5, 1],
                   [1, 21, 3, 4, 5, 0, 12, 12, 12, 12],
                   [11, 1, 3, 41, 5, 12, 0, 22, 22, 22],
                   [1, 2, 1, 4, 51, 12, 22, 0, 33, 33],
                   [11, 2, 31, 1, 5, 12, 22, 33, 0, 44],
                   [1, 2, 3, 2, 1, 12, 22, 33, 44, 0]]
        }
    }
